_viz_config[S_node].pos=(0.06310679611650485, 0.3968253968253968)
_viz_config[S_node].size=(0.03883495145631068, 0.06349206349206349)
_viz_net_graph = nengo_gui.components.NetGraph()
_viz_progress = nengo_gui.components.Progress()
_viz_config[_viz_progress].x = 0
_viz_config[_viz_progress].y = 0
_viz_config[_viz_progress].width = 100
_viz_config[_viz_progress].height = 100
_viz_config[_viz_progress].label_visible = True
_viz_sim_control = nengo_gui.components.SimControl()
_viz_config[_viz_sim_control].shown_time = 0.5
_viz_config[_viz_sim_control].kept_time = 4.0
_viz_config[model].pos=(0, 0)
_viz_config[model].size=(1.0, 1.0)
_viz_config[model].expanded=True
_viz_config[model].has_layout=True
_viz_config[pulvinar].pos=(0.24757281553398058, 0.3968253968253968)
_viz_config[pulvinar].size=(0.048543689320388356, 0.07936507936507936)
_viz_config[wta].pos=(0.49029126213592233, 0.3968253968253968)
_viz_config[wta].size=(0.09708737864077671, 0.31746031746031744)
_viz_config[wta].expanded=False
_viz_config[wta].has_layout=False
_viz_config[wta.networks[0]].expanded=False
_viz_config[wta.networks[0]].has_layout=False
_viz_config[wta_max].pos=(0.7330097087378641, 0.3968253968253968)
_viz_config[wta_max].size=(0.048543689320388356, 0.07936507936507936)
_viz_config[wta_round].pos=(0.9271844660194175, 0.3968253968253968)
_viz_config[wta_round].size=(0.048543689320388356, 0.07936507936507936)